,density,entropy,subway_distance,competitors,transport,checkins_entropy,stats.checkinsCount,createdAt,diff.stats.usersCount,diff.stats.rating,rating,4sq_rating,4sq_connected_category_max,wiki_similar_count_in_spb,4sq_next_max_dist_cat,4sq_next_count,4sq_prev_min_dist_cat_x,4sq_prev_max_dist_cat_x,4sq_prev_count_x,4sq_prev_min_dist_cat_y,4sq_prev_max_dist_cat_y,in_cur,users_in_cur_area,night,tweets_count,vk_obj_o30_y40,vk_obj_o40,vk_obj_y20,areas_mean_dist,areas_sd_dist,areas_sd_coord1,areas_sd_coord2,Closeness_Centrality,Eigenvector_Centrality,PageRank
"(606, 316)",28.0,8.495108589272663,0.10722818023563484,0.21294117647058824,4.4,1.7045531617873482,112982.0,1337912096.7352939,1323.0,14.299999999999995,-163.0,0,169,11506,3,1,-1,-1,0,-1,-1,11.0,0.0,11.0,213.0,0.00019449576971700865,0.0,0.0004862394242925216,7746.714480619866,6318.322065121958,164.30923371030545,50.16022807730855,6.225054773268048,0.0027717305047745442,2.322953212670921e-05
"(881, 306)",8.6,5.064531323396576,0.16269406539511225,0.53125,0.35,1.5751387295883992,53739.0,1358254243.1875,1523.0,0.23999999999999844,-12.0,6,169,11506,0,18,0,1,84,0,1,2.0,0.0,6.0,188.0,0.00019449576971700865,0.0,0.00019449576971700865,7026.087351984544,5286.61693018878,193.28352415573133,86.64638168720938,7.254917319805728,0.005756140329277538,2.2350428858286764e-05
"(24, 473)",21.5,7.764340198171081,0.9784157824380644,0.16172595520421607,3.5,2.7353276105463737,6544.0,1335329622.347826,141.0,-5.660000000000001,-54.0,4,169,12265,1,5,0,0,3,0,0,2.0,0.0,0.0,30.0,0.0,0.0,0.0,5186.710745860306,5532.36385633875,295.04596437462084,48.624196651461496,7.632508938634169,0.0005669614577618359,3.0655939581215115e-05
"(1091, 55)",27.8,7.3502833984915705,1.137458545113612,0.09935897435897437,0.7,2.359572396993161,129353.0,1338304899.6153846,762.0,0.7100000000000009,-765.0,1,169,11506,0,34,0,0,5,0,0,2.0,0.0,3.0,131.0,0.0,0.0,9.724788485850433e-05,4572.002865163587,4431.428028945855,227.21574574915763,143.19607256060672,4.881718976219147,0.001707767440302269,2.4274492895972408e-05
"(940, 263)",21.9,6.259882406307946,0.4440327698001868,0.125,2.5,2.8206595759025075,14244.0,1340313544.8888886,234.0,-7.1400000000000015,-1.0,2,169,11506,2,6,0,0,6,0,0,80.0,0.0,49.0,499.0,0.0,0.0,0.0,1962.9531977205966,4141.721141263781,150.46888714374168,49.62072177907592,7.05753590935855,0.0025421179076417725,4.2728984329111656e-05
"(736, 362)",30.5,8.047902088651309,0.4345738549363234,0.2558177117000647,0.35,2.862601818171208,65735.0,1332940282.4807694,1132.0,2.0900000000000016,-294.0,2,169,11506,1,7,-1,-1,0,-1,-1,5.0,1.0,5.0,210.0,0.0007779830788680348,0.00019449576971700865,0.0011669746183020518,4952.3208279758755,4302.885618270376,110.38169701072056,52.99362976253517,5.526852247512121,0.014036604284797385,3.757441618826477e-05
"(943, 292)",37.4,8.337979187588083,0.15659314555005266,0.1130229419703104,2.7,2.614666528630327,31458.0,1340338606.7368422,722.0,-0.5899999999999963,-165.0,5,169,11506,0,13,0,0,7,0,0,10.0,0.0,2.0,121.0,0.00019449576971700865,0.0,9.724788485850433e-05,4146.729023560029,4941.467765971276,141.8106862000643,57.87358582888262,6.225117577014267,0.001974194102163392,2.395957864035633e-05
"(875, 397)",31.7,7.824085201691058,0.07384283829109038,0.14691176470588235,5.5,2.135353416546628,162886.0,1329167091.125,1664.0,0.08000000000000185,-48.0,5,169,0,3,15,0,2,49,0,2,1.0,0.0,10.0,143.0,0.00019449576971700865,0.0,9.724788485850433e-05,7113.689789532511,6158.364308712159,180.4816006095224,73.59847431065454,5.264210457197697,0.003059580901456368,2.745389073839878e-05
"(1219, 265)",56.7,7.2680660631941905,0.11287432743478945,0.20637254901960786,1.2,3.295964708687761,95917.0,1343743416.872549,2039.0,14.699999999999996,-4.0,4,169,11506,0,14,0,0,9,0,0,11.0,1.0,7.0,177.0,0.0,0.0,0.0,4981.819611060539,5429.091517858833,231.0284470076331,58.173107649917746,6.524139083217179,0.0027691001880793807,2.5600978181494848e-05
"(492, 497)",14.7,5.3000251991651215,1.1796053705820908,0.0576923076923077,1.0,2.51734195916656,23457.0,1339221873.2692306,290.0,0.5199999999999987,-52.0,3,169,203,0,4,-1,-1,0,-1,-1,0.0,0.0,0.0,7.0,0.0,0.0,0.0,10154.262105177253,4814.472537710775,166.581978483735,61.82232606429493,3.4277714171934885,0.0011488576202391086,1.869109790176923e-05
"(636, 632)",13.3,5.758082283680688,0.15018910216732587,0.13095238095238093,0.15,2.4381048340491946,6652.0,1339937984.2380953,98.0,0.7000000000000011,-8.0,0,-1,0,-1,0,-1,-1,0,-1,-1,3.0,2.0,6.0,80.0,9.724788485850433e-05,0.0,0.00019449576971700865,8779.815067843962,7288.489672534197,139.38272034912043,160.5227171833355,5.3051569260676885,0.003876097761071078,2.775410872614287e-05
"(489, 688)",12.1,6.429101910216517,0.8754088373655489,0.25833333333333336,1.15,1.7974606621891935,8427.0,1345610423.6666667,150.0,-0.08000000000000096,-7.0,0,-1,0,-1,0,-1,-1,0,-1,-1,0.0,0.0,0.0,39.0,0.0,0.0,0.0,7240.249376101908,4493.979780907654,160.85965903226966,125.5965299687537,4.751441855943957,0.001009547230239038,3.9278636793231073e-05
"(159, 90)",19.0,6.47458823789877,1.9715913242229652,0.1201923076923077,5.7,1.9789346801045389,20395.0,1343935583.9615386,376.0,5.82,-1.0,0,-1,62,-1,0,-1,-1,0,-1,-1,7.0,0.0,6.0,77.0,0.0,0.0,9.724788485850433e-05,5208.246257495047,3963.7971878812873,212.2623304245305,86.23413861726175,5.011368831662246,0.0005189435995093653,2.8894892160510133e-05
"(77, 688)",4.7,4.941642422609304,1.2887129502636798,0.07142857142857142,0.65,1.5492956284204555,1217.0,1345122985.857143,11.0,-0.03000000000000025,-21.0,0,-1,0,-1,0,-1,-1,0,-1,-1,2.0,0.0,2.0,14.0,0.0,0.0,0.0,4258.604919011239,2838.6317779607543,288.71655650481836,112.7394673572658,4.1449822925171205,0.000446655183729455,2.0329676379752904e-05
"(1386, 263)",13.3,6.086674061962061,1.6452811422987024,0.11658653846153845,1.2,2.246901499988232,2323.0,1343140205.1538465,32.0,0.10000000000000052,-2.0,0,-1,11506,-1,0,-1,-1,0,-1,-1,13.0,0.0,6.0,80.0,0.0,0.0,9.724788485850433e-05,3585.120807712531,5309.626496550556,307.7103469114614,77.60003053626346,9.362384633011498,0.00023647709063955518,4.138045091934972e-05
"(234, 317)",16.3,7.317651053329752,0.3066664340503781,0.2773809523809524,0.35,2.1319250011621262,53332.0,1325984585.8095238,726.0,0.03999999999999998,-376.0,8,-1,11506,-1,0,-1,-1,0,-1,-1,55.0,0.0,32.0,186.0,0.0,0.0,0.0,3702.3916665366974,4518.306955087282,181.09458210956547,33.310203615453894,5.633179003418005,0.0013861246797230006,2.3216295934040164e-05
"(1211, 200)",4.0,3.134162458586648,0.8080996120873254,0.14285714285714285,0.0,0.5213161294920157,22222.0,1331871587.4285715,280.0,-6.579999999999999,-6.0,6,169,0,0,1,-1,-1,0,-1,-1,0.0,0.0,0.0,9.0,0.0,0.0,0.0,8305.366060184659,3628.9658464788813,519.0,213.0,5.958849721526662,0.002049401518629286,1.7216023214643362e-05
"(742, 370)",18.2,6.478281989227438,0.6549217806933912,0.05833333333333333,0.0,2.3577831623387158,70670.0,1329069386.5,876.0,0.7500000000000017,-220.0,8,169,0,1,5,0,0,2,0,0,29.0,2.0,10.0,275.0,0.0003889915394340174,9.724788485850433e-05,0.0006807351940095302,4548.362500020106,4193.4037924511895,120.57136821809885,53.42919343334223,4.898152333073073,0.008549153118293441,2.567781260858958e-05
"(646, 340)",26.8,7.90561902263225,0.07459041062846185,0.13595085470085472,5.55,2.41773873487316,18290.0,1344700887.6153846,463.0,0.33999999999999986,-144.0,1,-1,6,-1,0,-1,-1,0,-1,-1,2.0,1.0,3.0,64.0,0.0,0.0,0.0,5282.521424336855,5778.888733782878,113.1477834446504,60.718999291819685,4.6397908197505995,0.0038688065966272014,2.894142866555708e-05
"(21, 4)",8.8,4.898168265172496,4.045995855090177,0.03571428571428571,1.65,1.8651463662856305,3266.0,1339939954.0,19.0,7.34,-32.0,2,-1,0,-1,0,0,0,1,0,0,6.0,0.0,0.0,69.0,0.0,0.0,0.0,1687.3436888200754,3261.1489162802477,279.57487030866724,94.5573517419144,5.01980354090962,0.0002391237998849041,2.5668688821105005e-05
"(163, 29)",13.9,5.110629812294486,3.4505499744447117,0.0,0.15,2.024406218056717,2585.0,1348859084.5789473,66.0,-2.1999999999999997,-28.0,0,-1,0,-1,0,-1,-1,0,-1,-1,5.0,0.0,14.0,84.0,0.0,0.0,0.0,757.3278661944131,1613.297675658155,7.719789874688463,19.936338993324405,8.556018623603116,0.0009124574931722368,5.4956544252658946e-05
"(104, 448)",8.3,6.6263742300102,1.2480970801818116,0.175,0.15,1.9269225555916756,1562.0,1339184043.4,52.0,6.47,-17.0,0,-1,0,-1,0,-1,-1,0,-1,-1,1.0,1.0,1.0,20.0,0.0,0.0,0.0,5092.08115561651,4725.843077701662,204.30729850453758,87.26906031858532,3.6831428949959073,0.000342683245249223,2.6394940165532948e-05
"(1268, 503)",17.9,7.165879620039827,0.4767797464296937,0.20045454545454544,3.1,2.362745877932207,19148.0,1344460235.64,322.0,1.38,-86.0,2,169,0,0,8,-1,-1,0,-1,-1,5.0,0.0,3.0,102.0,0.0,0.0,0.0,6088.5791773579085,5037.261652182092,305.88687398307127,79.17242188101628,5.096612541499022,0.002043146524188928,2.217893232367769e-05
"(279, 182)",18.1,7.097518153752064,0.2790912107425604,0.2275,1.5,2.7157703323927445,6835.0,1349597899.88,136.0,-6.19,-228.0,0,-1,11506,-1,0,-1,-1,0,-1,-1,15.0,0.0,1.0,61.0,0.0,0.0,0.0,3780.197007189212,6307.520767534787,283.3517061640113,92.44790979234732,4.827944500586817,0.0010666067877496143,1.600639578565677e-05
"(790, 319)",30.0,8.007852876224824,0.8462004764722123,0.275974025974026,2.75,2.923658193944505,35650.0,1355369675.4081633,1175.0,0.9899999999999992,-62.0,2,169,11506,1,5,-1,-1,0,-1,-1,5.0,2.0,21.0,167.0,0.00019449576971700865,0.0,0.0,5776.1656457604395,5586.82870490808,141.96644881728946,63.563614775226746,5.173517188364504,0.014910686769001391,2.764425816463881e-05
"(456, 664)",2.6,2.9957322735539917,1.3903711351733339,0.0,0.35,0.8161490452085536,739.0,1360435319.0,13.0,0.0,-9.0,0,-1,0,-1,0,-1,-1,0,-1,-1,1.0,1.0,0.0,18.0,0.0,0.0,0.0,5866.9765399059925,5467.847801666489,122.87707479511415,88.5887079918963,5.099385573421769,0.0003317520312300963,3.9895652248442346e-05
"(699, 409)",41.2,8.375773087458441,0.0524725362167941,0.2348901098901099,5.6000000000000005,0.9750889736251424,298899.0,1339882519.7285714,2941.0,-8.43,-3.0,1,169,0,2,6,0,0,1,0,0,21.0,4.0,96.0,726.0,0.000875230963726539,0.00048623942429252165,0.0010697267334435477,5715.686037539945,4742.510415851347,162.53138226896874,78.9914172645932,6.243669377773943,0.01623124116323804,3.679010887813156e-05
"(867, 81)",25.4,6.829818640825787,1.2505540897130702,0.3054347826086957,0.0,2.087530041742966,29638.0,1336230427.652174,397.0,-6.1000000000000005,-33.0,2,169,0,1,10,0,0,11,0,0,142.0,1.0,40.0,430.0,0.0,0.0,9.724788485850433e-05,815.6670084937165,2394.040031599151,64.54880301586623,64.29583826409073,4.907383217677381,0.0018660546693887376,3.422363868741881e-05
"(671, 367)",43.4,8.087885410619041,0.2338709206140029,0.3598290598290599,4.25,2.8969860455279135,55512.0,1335414599.2615385,1110.0,0.35999999999999843,-189.0,1,169,0,0,5,-1,-1,0,-1,-1,7.0,1.0,16.0,224.0,9.724788485850433e-05,0.0,0.00019449576971700865,5138.61529181383,4725.313055236863,129.04845433453414,67.31762469405427,5.769294947938511,0.006331801138222747,3.3753995497609165e-05
"(592, 308)",52.4,8.344837590716779,0.1406179624509139,0.2274075133485889,3.75,1.675820255020251,81737.0,1338500975.2173913,745.0,12.97,-130.0,0,-1,11506,-1,0,-1,-1,0,-1,-1,2.0,1.0,6.0,115.0,9.724788485850433e-05,9.724788485850433e-05,9.724788485850433e-05,5991.404680937396,5541.228607827336,114.00799836616751,87.12560199743801,6.0899124508917915,0.0020748995340597828,2.0342044374877168e-05
"(738, 331)",60.8,8.129722927702478,0.020828640346350003,0.12009345794392524,4.949999999999998,3.170823953976919,216559.0,1333179016.401869,3609.0,13.61,-440.0,1,169,11506,2,35,0,0,7,0,0,51.0,6.0,43.0,1059.0,0.0019449576971700864,0.00029174365457551295,0.0043761548186326965,4397.309444656308,4314.498364779649,136.84146512774424,55.457181833236106,6.113655100056445,0.0325995079256775,5.483150420943395e-05
"(933, 287)",40.2,8.170232514352875,0.3557303891254764,0.2245394252026529,2.5,2.5365653939249078,53834.0,1338437990.6101696,865.0,8.290000000000003,-1009.0,3,169,11506,3,18,0,0,31,0,0,22.0,1.0,7.0,166.0,0.00029174365457551295,0.0,0.000291743654575513,5074.3254504350125,5884.701309536727,159.1950681466679,101.0381061228331,5.5609157591569485,0.0009242616398865881,2.0482410920528607e-05
"(660, 358)",27.0,8.117771482908612,0.2929515655306942,0.2105978260869565,1.2,2.7545183846913903,22587.0,1346421996.826087,494.0,-0.7999999999999989,-8.0,0,-1,0,-1,0,-1,-1,0,-1,-1,2.0,0.0,3.0,181.0,0.00019449576971700865,0.0,0.0,6431.034465690037,4939.686228020667,165.54642686288926,73.16974399759076,6.334171020684693,0.004297776300215404,3.422961670046134e-05
"(880, 524)",9.6,6.058939125477529,2.9096893536316157,0.28125,0.0,2.3710731568522387,2828.0,1338674287.0,28.0,-0.4900000000000011,-16.0,0,-1,0,-1,0,-1,-1,0,-1,-1,4.0,0.0,0.0,16.0,0.0,0.0,0.0,1540.4754852488463,3274.614786297685,12.459534501738016,59.79473220945137,8.912194922189311,0.0010223988833487387,6.243200693057023e-05
"(178, 436)",9.4,5.1260503382857125,1.1867889566548764,0.12878787878787878,0.0,1.825129995151804,5355.0,1334881873.1818182,100.0,-0.7999999999999998,-53.0,6,-1,0,-1,0,0,0,1,0,0,1.0,0.0,1.0,34.0,0.0,0.0,9.724788485850433e-05,8562.963074796995,3173.303188771218,124.04171677302764,71.62923634941252,5.302744433256372,0.0013224330861890555,3.1461846874300066e-05
"(1242, 181)",49.0,8.267476078030668,0.12891501624203835,0.16666666666666669,1.5499999999999998,2.07666395989654,215209.0,1330286971.892857,1876.0,-11.559999999999995,-174.0,2,169,0,0,78,0,3,248,0,3,24.0,1.0,5.0,198.0,0.0,0.0,9.724788485850433e-05,4976.677098404583,4601.876092536786,208.2862735911636,62.137342803339465,5.798394310692803,0.0018084605344609265,2.88111245374279e-05
"(474, 539)",11.7,5.367036711659448,0.08406429106790812,0.175,0.15,2.1117668973245234,3733.0,1349708775.7,52.0,0.08999999999999986,-19.0,0,-1,11506,-1,0,-1,-1,0,-1,-1,2.0,0.0,1.0,40.0,0.0,0.0,0.0,1790.5376193181146,3935.1876676743846,169.85175344237103,88.02358336680834,5.480234922586354,0.00379363936797305,2.817888303313527e-05
"(490, 687)",15.3,6.846930953480357,0.8523933314795175,0.2103174603174603,1.3,1.910156268716096,13003.0,1342653841.0,238.0,-6.300000000000002,-6.0,0,-1,0,-1,0,-1,-1,0,-1,-1,2.0,1.0,0.0,52.0,0.0,0.0,0.0,6336.1948040988855,4807.906245369603,156.16088051601778,120.32737169394217,4.55998829396818,0.0010066377044240953,3.7730535307758007e-05
"(785, 218)",79.3,8.978725337373806,0.10220708770682647,0.15891812865497074,6.300000000000002,2.4126759173621872,154558.0,1331520699.8210526,1396.0,-0.7599999999999971,-300.0,3,169,11506,0,31,0,1,69,0,1,12.0,0.0,1.0,257.0,0.0003889915394340174,0.0,0.00019449576971700865,5795.060932010121,5188.764581348168,171.73653663254774,98.81982032775608,5.417466460175984,0.004467943054687322,3.222472691967351e-05
"(869, 286)",16.6,6.786457800217908,0.6887685561249545,0.3428571428571429,2.05,2.18591683720412,13808.0,1336999235.6666667,173.0,0.15000000000000036,-76.0,8,169,0,3,5,-1,-1,0,-1,-1,3.0,0.0,0.0,29.0,9.724788485850433e-05,9.724788485850433e-05,0.0,5576.899011714094,4226.930996933169,103.64803691124857,50.35006344473549,5.997499714849258,0.006875961606995415,2.532805225147832e-05
"(742, 302)",56.8,8.79577683107571,0.03211973128246385,0.27054945054945057,9.7,3.11145016569538,200888.0,1334922842.2307694,3190.0,-6.3400000000000025,-117.0,7,169,0,1,9,0,0,12,0,0,45.0,1.0,15.0,582.0,0.000875230963726539,0.0,0.000583487309151026,4830.601600441049,4870.2001988277425,161.848465665374,65.33275230616445,6.03764322525593,0.019727827602124427,3.6100572843816995e-05
"(253, 296)",8.4,4.2404164478813415,0.5444798961813508,0.04166666666666666,0.0,1.4664728392945687,4423.0,1350766499.1666667,95.0,-6.75,-44.0,0,-1,0,-1,0,-1,-1,0,-1,-1,4.0,0.0,2.0,52.0,0.0,0.0,0.0,3067.135640698492,5007.968558715608,150.39928390234428,54.34704323174574,4.475425211015407,0.0021327915274626627,3.123683037150364e-05
"(697, 425)",34.6,7.7353278558443455,0.41177242787005,0.2109784283513097,5.699999999999998,2.4629799581097727,37722.0,1338287523.7118645,628.0,-13.630000000000004,-269.0,4,169,0,0,12,0,0,2,0,0,18.0,0.0,28.0,176.0,0.00029174365457551295,0.0,0.00029174365457551295,6178.588387210226,4794.710592206534,128.003323921307,78.42330776517288,5.530633630979539,0.007176842075696497,2.354171564041134e-05
"(1012, 506)",2.4000000000000004,3.409102890534593,3.2380938724156865,0.0,0.35,0.438707336300529,565.0,1359205719.5,26.0,0.3600000000000003,-3.0,0,-1,0,-1,0,-1,-1,0,-1,-1,6.0,1.0,0.0,45.0,0.0,0.0,0.0,2076.244242307185,3129.764522017702,209.5899949270837,32.45173819549984,5.242069858085119,0.00012320307474112966,3.499171636052384e-05
"(1217, 260)",36.4,7.664040986311443,0.10412854302801706,0.1941023535851122,2.5,2.9462042828051342,47943.0,1342088887.7931035,946.0,-5.340000000000002,-8.0,2,169,11506,1,10,0,0,2,0,0,3.0,0.0,8.0,105.0,0.0,0.0,0.0,5796.772851261757,5412.082896401893,252.2088200061388,59.03267979645357,5.882486094721457,0.0025646532391411826,2.776232241867414e-05
"(950, 258)",10.3,4.559287595768099,0.5375736020697109,0.0,0.0,2.389417747854652,7855.0,1332785649.1052632,43.0,6.23,-4.0,0,-1,11506,-1,0,-1,-1,0,-1,-1,0.0,0.0,0.0,20.0,0.0,0.0,0.0,5964.569784337,6390.407821642617,113.04807724413116,120.86267051479106,6.360155473251853,0.0017795203191700586,3.5983660189410556e-05
"(211, 478)",14.6,4.8185681051027105,0.4221980654350291,0.09215686274509803,4.2,1.9601272041311109,5649.0,1345080687.7647061,115.0,-8.01,-52.0,6,169,0,0,2,-1,-1,0,-1,-1,0.0,0.0,2.0,24.0,0.0,0.0,0.0,6542.322366562126,4968.775401796562,264.37193631332957,98.91966736557488,4.2788480611596915,0.00034420704051514155,1.4761160645823334e-05
"(1222, 232)",7.300000000000002,4.983766547288196,0.79111189092758,0.0,2.5,2.0502686287139804,2930.0,1337847755.6666667,53.0,-0.28999999999999915,-19.0,0,-1,0,-1,0,-1,-1,0,-1,-1,19.0,2.0,3.0,113.0,0.0,0.0,0.0,2259.802515997565,3760.580779911901,166.01391600520182,82.08766338322593,8.123308053096055,0.0003435738394100913,2.6877096342892025e-05
"(734, 342)",50.9,8.133371541940763,0.09950501519900112,0.15073742047426258,6.55,1.8924968317209816,340307.0,1330727812.8809526,4571.0,8.539999999999997,-250.0,2,-1,11506,-1,0,-1,-1,0,-1,-1,29.0,2.0,52.0,1034.0,0.001166974618302052,0.0,0.0007779830788680348,6059.170057347406,4435.966156227885,169.4530118397358,74.85237879910196,5.952859986656719,0.018028451168166683,3.970298970284315e-05
"(344, 627)",9.0,4.954317046022135,1.0737828540539098,0.0,0.8,1.1811017046292134,5192.0,1339930702.4166667,66.0,0.2300000000000013,-9.0,0,-1,11506,-1,0,-1,-1,0,-1,-1,6.0,0.0,8.0,33.0,0.0,0.0,0.0,3863.693513754138,5505.4649450773595,194.93018111673751,147.90668597160186,4.1115634428543935,0.0008952663524391472,2.0938401200407557e-05
"(1264, 249)",8.5,5.741005326961149,0.891205654250918,0.038461538461538464,1.35,1.401607226743416,16301.0,1339205105.1538465,98.0,-0.21999999999999886,-46.0,0,-1,11506,-1,0,-1,-1,0,-1,-1,4.0,1.0,3.0,55.0,0.0,0.0,0.00048623942429252165,3996.719223875044,4839.856726948136,202.38721138780807,46.685338526493894,3.580096580896856,0.0002129384943916334,2.2320367340215646e-05
"(709, 426)",32.2,6.834915939273294,0.4841232644757144,0.15778688524590165,0.85,2.764846050754794,44669.0,1346837449.5409837,570.0,8.97,-15.0,0,-1,0,-1,0,-1,-1,0,-1,-1,3.0,0.0,8.0,92.0,0.00019449576971700865,0.0,0.0003889915394340174,6546.296737607205,4946.509225824356,186.82653008539768,58.58179229836596,5.542470001666127,0.0054381988844399215,2.576552711605872e-05
"(907, 276)",52.0,8.907539335405563,0.5658189954731475,0.12623995163348933,3.6,2.9833672703948326,39483.0,1337548087.915493,702.0,6.710000000000003,-1225.0,2,169,11506,0,8,0,0,17,0,0,2.0,0.0,1.0,92.0,0.0005834873091510259,0.0,0.00029174365457551295,6217.221067117157,5193.102760914516,105.57173400303778,80.80250551783145,5.3062064431864435,0.0018704553218543995,2.240709152936556e-05
"(1048, 506)",6.2,4.297194733466632,3.0980043705218065,0.08333333333333333,0.5,0.8796674437110271,5044.0,1338601462.1818182,39.0,-0.040000000000000036,-26.0,0,-1,11506,-1,0,-1,-1,0,-1,-1,0.0,0.0,1.0,16.0,0.0,0.0,0.0,2235.4915912474853,3332.3650801798944,107.71276618859993,58.048600327656466,10.57046667629189,0.00012207202477827048,1.7521498604901667e-05
"(756, 191)",16.8,6.179738325942006,0.8127837738902016,0.0874384236453202,2.3,2.4074918846937403,35037.0,1346744990.4827585,261.0,-0.17999999999999886,-59.0,2,169,0,0,1,0,0,4,0,0,3.0,0.0,2.0,40.0,0.0,9.724788485850433e-05,0.0,3176.227414916217,4709.2624206542905,138.90179984435048,118.99364478828272,4.693995942690004,0.00027993497351722156,2.396506221002265e-05
"(1200, 171)",10.0,4.567260705978091,0.806542182082367,0.09375,2.9,2.2387703899672413,10011.0,1338815951.4375,54.0,-0.17000000000000082,-42.0,0,-1,0,-1,0,-1,-1,0,-1,-1,4.0,0.0,2.0,47.0,0.0,0.0,0.0,3843.039489759738,5534.820167258701,167.25656639656955,44.288340042407455,5.331529109395949,0.00019982301664482784,2.145242718655435e-05
"(663, 356)",37.6,8.444742608837979,0.29452783131606897,0.1663417227933357,2.2,3.0663508649812883,30473.0,1345307867.5483868,614.0,5.990000000000001,-269.0,2,-1,11506,-1,0,0,0,1,0,0,30.0,1.0,29.0,273.0,0.00029174365457551295,0.0,0.0,5321.657520172394,5000.826826663753,160.82318589838198,70.12121257947014,5.9193308670878295,0.005976484280933263,3.1155833653849046e-05
"(120, 504)",8.9,4.3152922687499915,0.2191829473691811,0.07738095238095237,2.5,1.5628419357763088,5399.0,1348552213.0,76.0,0.22999999999999945,-69.0,3,-1,0,-1,0,-1,-1,0,-1,-1,10.0,1.0,7.0,55.0,9.724788485850433e-05,0.0,0.0,8323.88870523048,6425.74396691586,210.06061748398116,79.10901773116977,3.6387807714892944,0.0023020003745950995,2.9557500218810877e-05
"(1108, 52)",14.6,5.210342117571684,0.8656735624451852,0.3125,2.85,1.7249155573441886,21076.0,1328124021.2083333,176.0,0.5000000000000018,-193.0,0,169,11506,0,2,-1,-1,0,-1,-1,5.0,0.0,2.0,59.0,0.0,0.0,0.0,3785.2497416152905,3978.108961344129,198.70339687724405,89.43634258510352,6.1193706043080605,0.0019426837712282527,1.8632062399251043e-05
"(1246, 265)",25.7,7.784702788491477,0.533937117051786,0.15714285714285714,0.7,2.017788385929361,51564.0,1333069259.8095238,788.0,1.2700000000000005,-87.0,2,169,0,0,30,0,3,74,0,3,1.0,1.0,2.0,54.0,0.0,0.0,0.0,5005.401457756595,3928.161736632892,280.85974356528124,57.46442377680299,6.864219482000406,0.0011057612153006831,3.467660627972906e-05
"(56, 201)",6.0,3.93827352131796,0.9504256329363694,0.0,0.0,1.7171507574514466,1722.0,1343854409.6666667,17.0,0.3600000000000003,-41.0,0,-1,0,-1,0,-1,-1,0,-1,-1,2.0,0.0,1.0,19.0,0.0,0.0,0.0,3813.2911741334306,4829.295140611366,38.526886555421534,108.98215960014332,4.686232104559394,0.0003137790712138538,2.419122488312749e-05
"(20, 721)",13.3,6.59539065602084,0.2769119147274968,0.1994047619047619,1.85,1.5336286927288367,37138.0,1339378457.7142856,353.0,-0.10999999999999936,-2.0,0,-1,0,-1,0,-1,-1,0,-1,-1,0.0,0.0,1.0,29.0,0.0,0.0,0.0,6884.667806504513,4700.241363881483,328.3259965339327,155.20441359703662,1.836711308302924,0.0021919359095404828,1.8752212030739774e-05
"(720, 573)",26.8,7.8912728651212944,0.15154988290923296,0.1965277777777778,4.3,2.0461431495852773,44595.0,1348349387.2222226,1098.0,-1.9700000000000024,-7.0,0,169,0,0,2,-1,-1,0,-1,-1,7.0,0.0,7.0,150.0,0.0,0.0,9.724788485850433e-05,6039.665389244776,4789.892303490657,135.6330144983646,109.68882754815507,6.513545774330762,0.003680976333702762,2.4752465247093044e-05
"(784, 198)",3.7,3.465735902799726,0.4139941169373193,0.0,0.5,1.2429142558552928,1706.0,1344738750.0,28.0,6.44,-4.0,0,-1,0,-1,0,-1,-1,0,-1,-1,4.0,0.0,1.0,42.0,0.0,0.0,0.0,3460.1563040815613,3749.029107251953,26.72306960249125,73.43774261792312,2.963349843717218,0.001037408919569529,3.1825864303682126e-05
"(19, 725)",15.6,6.362834979543867,0.3354600309484785,0.2201923076923077,0.85,2.12728428237874,14008.0,1334765749.25,168.0,-0.09999999999999956,-43.0,3,-1,11506,-1,0,-1,-1,0,-1,-1,0.0,0.0,0.0,14.0,0.0,0.0,0.0,8058.960652031138,5073.283421666989,112.7233782318468,100.84245137837536,1.5614883692463202,0.0016239588731067414,2.209062611152872e-05
"(25, 78)",9.0,6.250006301244127,2.258007253184819,0.07670454545454546,1.7,1.5738627151741578,7363.0,1336779892.090909,98.0,-0.19000000000000128,-67.0,4,169,0,3,5,-1,-1,0,-1,-1,0.0,0.0,0.0,31.0,0.0,0.0,0.0,7722.757693214935,2394.3815820744667,428.33522120927086,134.54541662874462,3.1114349283497957,0.0029746046297098065,3.387301639521069e-05
"(49, 400)",5.5,3.912023005428147,0.6589234757012892,0.3142857142857143,0.0,1.1024791270433,7129.0,1357118848.142857,105.0,0.1999999999999993,-2.0,7,169,0,0,4,0,0,3,0,0,43.0,1.0,12.0,160.0,9.724788485850433e-05,0.0,0.0,2264.98400240628,4470.642769230821,184.22353185351028,24.115185491309767,5.695863494647128,0.0010875553535300416,3.4284265081327114e-05
"(109, 320)",16.8,6.872433487214272,0.4348757530848255,0.20163690476190474,0.35,1.9836313388088576,15790.0,1336791638.8888886,277.0,-0.4200000000000009,-270.0,4,-1,11506,-1,0,-1,-1,0,-1,-1,8.0,0.0,8.0,57.0,0.0,0.0,9.724788485850433e-05,7096.148447985677,4737.183853239905,326.26074907792525,54.49840721423782,4.229916370413465,0.0019773312352223877,2.007027729438264e-05
"(706, 311)",35.9,8.276537061743118,0.3973615364930211,0.3215408805031447,1.7,2.670197542954755,87439.0,1336935013.018868,1503.0,0.010000000000002457,-17.0,3,169,11506,1,11,0,0,16,0,0,17.0,0.0,6.0,267.0,0.0003889915394340174,0.0,0.0,5640.249779100443,4877.048279505573,171.67297762311458,66.04514127501352,6.4294118278547865,0.004340590610049929,2.9768469421946254e-05
"(956, 295)",77.5,9.435621768052746,0.03916139231253002,0.1569717439214492,9.4,3.0905648510676986,174000.0,1332800657.5918367,3762.0,-1.9400000000000013,-317.0,2,169,11511,1,34,0,1,173,0,1,10.0,2.0,15.0,374.0,0.0,0.00019449576971700865,0.0005834873091510259,5864.905094675334,5491.199111923644,209.16972993598046,55.209709622958485,6.839539851589732,0.002858328159368885,2.487298228987554e-05
"(1345, 478)",4.9,4.12832436958118,1.06341087778957,0.0,1.35,1.4388074071830923,1260.0,1344581663.3333333,11.0,0.23000000000000045,-11.0,2,169,11506,1,2,-1,-1,0,-1,-1,1.0,1.0,0.0,10.0,0.0,0.0,0.0,7326.318976091106,6842.735013173551,74.30679645900501,31.131776370775892,6.494616858738726,0.002564021110828951,5.6469338534266515e-05
"(715, 421)",31.6,7.447551355969512,0.396409297042935,0.11357323232323233,2.75,3.1674279741427767,22334.0,1343745218.6727273,287.0,1.0399999999999985,-76.0,2,169,0,0,3,-1,-1,0,-1,-1,41.0,0.0,9.0,195.0,0.0,0.0,9.724788485850433e-05,5310.0251318215005,4836.855036090707,198.00071947371646,71.66162451224766,5.860660431933107,0.003715457246384482,2.229037387663532e-05
"(202, 154)",36.6,8.360220378106579,1.139611805994041,0.1781560879921536,1.15,1.9269876593083377,110119.0,1327356648.737705,1002.0,-4.609999999999995,-8.0,2,169,0,0,30,0,0,15,0,0,1.0,0.0,5.0,150.0,9.724788485850433e-05,0.0,0.000583487309151026,6159.2629385122755,5295.072439522751,225.06787830285785,98.41099325659712,6.413100899193666,0.003227260308721278,2.6981306452580077e-05
"(834, 277)",32.0,7.329247624283679,0.7145578812073067,0.11428571428571427,6.25,2.3374610515402456,26697.0,1345350072.3142858,521.0,-0.6800000000000006,-196.0,2,169,11506,1,8,0,0,5,0,0,10.0,0.0,2.0,61.0,9.724788485850433e-05,0.0,0.0,4259.431695233458,6047.240228763965,136.01028301701444,38.08711740164515,8.010905919381374,0.005405081085238675,2.5348586280610613e-05
"(660, 462)",39.9,8.514199838659605,0.05270192535296708,0.2205165692007797,6.9,2.5998225132531694,126530.0,1326602993.8245616,1779.0,8.38,-128.0,3,169,0,1,32,0,1,52,0,1,2.0,0.0,21.0,232.0,0.00029174365457551295,0.0,0.00048623942429252165,5492.0484175492575,6575.696970832491,120.54515613407196,103.57347312452171,4.620744439458533,0.003686381391753085,2.326941823889061e-05
"(57, 483)",10.900000000000002,6.265240778526285,0.7955517071044531,0.15357142857142858,1.0,1.6263739698418818,5218.0,1334387854.8,69.0,-0.28000000000000114,-139.0,7,169,11506,3,3,0,0,1,0,0,2.0,1.0,0.0,8.0,0.0,0.0,0.0,5503.041283142942,2718.7070508141505,303.10270536568953,151.8969634324531,3.137520169487844,0.0022370598800413033,1.78417352553817e-05
"(1191, 272)",19.1,5.4906319996795085,0.3164544169779763,0.029411764705882356,0.5,2.4788310553022908,15410.0,1343216974.0588233,271.0,-0.04999999999999893,-310.0,2,169,0,1,5,-1,-1,0,-1,-1,19.0,0.0,7.0,160.0,9.724788485850433e-05,0.0,0.0,2982.074673453244,4769.779165280907,163.35241379835813,47.36166698924354,5.951910181480843,0.001198484889058801,2.651891439396097e-05
"(662, 309)",42.5,8.351939267191138,0.16403968164213495,0.21645161290322584,2.75,2.6210651056160685,33662.0,1336852105.7741935,617.0,6.060000000000002,-49.0,4,169,11506,0,2,-1,-1,0,-1,-1,1.0,1.0,11.0,167.0,0.0,0.0,9.724788485850433e-05,4568.3877319661,4973.363991066082,133.12099581863478,47.49238250164167,6.658952641355947,0.004335080280136729,2.9553395179205036e-05
"(1222, 269)",54.6,6.811395375576438,0.21060920385471832,0.12843406593406592,0.0,2.6408623762521053,235245.0,1345863224.4230769,3226.0,7.339999999999995,-324.0,2,169,0,0,40,0,0,8,0,0,13.0,2.0,4.0,253.0,0.0,0.0,0.0,5229.537564361734,5214.190888760963,261.1905206243136,72.40341826184728,6.6168749782268135,0.002521542574293273,2.5022822423157776e-05
"(804, 245)",27.3,7.423483632373107,0.6153694723910534,0.05434782608695652,2.4,2.1274845394205726,44282.0,1337609444.3695652,450.0,6.889999999999999,-145.0,1,-1,0,-1,0,-1,-1,0,-1,-1,3.0,1.0,3.0,119.0,0.0004862394242925216,0.0,0.0,5716.325144916038,5916.141223481384,144.36565801220317,66.07758492799884,4.701516444946192,0.003123607927625795,2.985666235872677e-05
"(618, 262)",19.6,7.157287804957961,1.2141398412594608,0.25271739130434784,1.0,2.382696674884948,5262.0,1342345517.55,79.0,-0.14999999999999766,-42.0,6,-1,0,-1,0,-1,-1,0,-1,-1,2.0,0.0,0.0,26.0,9.724788485850433e-05,0.0,0.0,9134.72433411956,5641.809131403054,198.0834703464421,52.653662391758715,6.115376725153288,0.001546838290986916,2.820388720875111e-05
"(726, 288)",23.5,7.696028731677552,0.4594316007454228,0.13823529411764707,2.0,2.49005432275635,157335.0,1334170764.4117644,3267.0,0.7600000000000016,-38.0,4,169,0,0,5,-1,-1,0,-1,-1,12.0,0.0,17.0,635.0,0.0021394534668870953,0.00019449576971700865,0.0016532140425945733,6008.645301524183,4839.203135012397,113.04691834761708,55.80669642418667,5.754436363903322,0.021154392685435626,3.88940741536465e-05
"(528, 662)",12.8,5.579932565490769,0.42721403447464135,0.08823529411764706,2.15,1.8773876349394245,4554.0,1348299964.4117644,84.0,-6.289999999999999,-6.0,0,-1,759,-1,0,-1,-1,0,-1,-1,0.0,0.0,1.0,31.0,0.0,0.0,0.0,6205.321375808288,3949.9285516677587,126.62167622049904,118.98776781202714,5.3703630765268935,0.0018684181885877651,2.5940346749627698e-05
"(625, 244)",20.4,4.970275257262892,1.4668405817028196,0.15155945419103312,2.35,1.835372111889373,12497.0,1339732961.4736845,149.0,6.950000000000001,-70.0,0,-1,0,-1,0,-1,-1,0,-1,-1,3.0,1.0,13.0,59.0,0.0,0.0,0.00019449576971700865,2887.7312427785687,4661.6560791350785,113.35970868751828,60.072150145807974,6.7028806342471245,0.0013053494664739301,2.951605506917937e-05
"(26, 60)",18.200000000000006,7.3982961816194335,2.6715675899812505,0.0925925925925926,2.0,1.78088996668513,20031.0,1336163636.6666667,256.0,-2.3200000000000003,-107.0,2,169,0,0,21,0,0,15,0,0,4.0,0.0,0.0,75.0,0.0,0.0,0.0,4133.062265463861,5117.308707099071,289.74158071245137,94.88282247066641,3.4180889237783108,0.00034765561977223184,3.6574454299145394e-05
"(760, 379)",47.5,8.716565952415628,0.8233787859865483,0.31973684210526315,2.25,2.8964322140978718,79164.0,1331478421.3333333,1456.0,-7.110000000000002,-373.0,0,-1,11506,-1,0,-1,-1,0,-1,-1,4.0,0.0,10.0,197.0,0.0003889915394340174,9.724788485850433e-05,0.0003889915394340174,6536.519208520807,4610.346936107613,160.78651706395286,54.76215271851442,6.00111932452615,0.0042715826916164615,2.404356638226466e-05
"(1116, 34)",9.6,4.418892313957851,0.8743746037810709,0.03571428571428571,3.7,2.236635831655502,3142.0,1344906439.0714285,33.0,0.16999999999999993,-1.0,0,-1,11506,-1,0,-1,-1,0,-1,-1,0.0,0.0,0.0,11.0,0.0,0.0,0.0,2910.3014127040583,1998.8273858798248,218.3206778281593,54.987939308431606,0.85,0.0001467001674432268,1.5027156953643267e-05
"(194, 42)",16.4,6.1057875839990325,3.304290107347561,0.17845394736842105,2.65,1.471601723180913,16044.0,1350609818.631579,322.0,0.19000000000000128,-51.0,0,-1,0,-1,0,-1,-1,0,-1,-1,6.0,0.0,4.0,101.0,0.0004862394242925216,0.0,0.0,8260.34690909326,6741.765545377652,293.7290807073512,87.98164628547529,5.114117794627943,0.0005472328649443565,2.678012022221862e-05
"(476, 539)",11.1,5.41449238482304,0.0979187485398174,0.18055555555555555,1.15,2.0809573679767284,3734.0,1349723233.6111114,46.0,0.08999999999999986,-1.0,7,-1,11506,-1,0,-1,-1,0,-1,-1,2.0,0.0,1.0,38.0,0.0,0.0,0.0,1468.7992965880405,3845.096715511767,76.3554464004457,69.16748216878479,5.608823185394215,0.0012519132745281401,2.588188456285183e-05
"(1055, 72)",19.2,4.636495663856294,1.7757716045766976,0.18055555555555555,0.0,1.9531502943324481,93724.0,1353123490.4722226,2476.0,0.45000000000000107,-6.0,2,169,0,0,32,0,3,10,0,3,2.0,0.0,2.0,144.0,0.00019449576971700865,0.0,0.00019449576971700865,6240.671574978393,4820.04795367807,138.37515551157006,145.99253487536282,4.145298064033171,0.008585383101788491,3.163506766872411e-05
"(590, 317)",36.0,8.481118144110255,0.1963088558665593,0.20104382332643206,0.5,3.1863469801581137,13963.0,1341539283.4782608,213.0,-6.669999999999997,-6.0,1,-1,11506,-1,0,-1,-1,0,-1,-1,30.0,1.0,9.0,268.0,0.0005834873091510259,0.00029174365457551295,0.00048623942429252165,6848.676361085976,6142.066091120924,190.57204455464725,65.4707544830657,6.01900038816635,0.0034298155516329283,2.090210114488092e-05
"(23, 45)",12.2,6.306413827360318,3.0443663577829585,0.11904761904761905,1.15,1.493263068140512,23214.0,1349547617.7222226,336.0,7.369999999999999,-57.0,6,-1,0,-1,0,0,0,1,0,0,1.0,0.0,3.0,34.0,0.0003889915394340174,0.0,0.00019449576971700865,4780.516464798838,3895.883218206732,387.98081281309663,158.4936809894333,4.020221669018695,0.0019976334891727964,1.5264871158513794e-05
"(798, 400)",53.6,8.444416683145622,0.08835576149684017,0.14800560468755686,5.4,2.552320866449393,106149.0,1334958384.1971831,1217.0,7.5100000000000025,-270.0,1,169,0,1,5,-1,-1,0,-1,-1,21.0,3.0,13.0,213.0,0.00019449576971700865,9.724788485850433e-05,0.00019449576971700865,5818.533799939294,5279.702075498951,136.91251864024952,70.05607562973313,7.187347252209606,0.005077534084589326,2.717107996903716e-05
"(806, 410)",35.5,8.129977476965799,0.1761371868475849,0.2491883116883117,1.5499999999999998,2.75465975106714,35899.0,1336554732.0227273,617.0,-6.560000000000001,-65.0,1,169,0,0,1,0,0,3,0,0,9.0,0.0,7.0,123.0,0.0,0.0,9.724788485850433e-05,5421.537402606747,5650.041969452646,109.59729508332279,70.73438030200701,6.484364433125668,0.0036213954316177423,3.0165730198173292e-05
"(280, 515)",7.7,5.279261472625745,1.6093989877151489,0.045454545454545456,1.35,2.10445596292462,2105.0,1347762993.090909,15.0,0.020000000000000462,-3.0,0,-1,0,-1,0,-1,-1,0,-1,-1,3.0,0.0,1.0,27.0,9.724788485850433e-05,0.0,9.724788485850433e-05,1485.4554785854325,1685.7361890194193,14.29063407348401,12.00925568976788,7.584737804403068,0.0002441221887025258,2.7952108061902863e-05
"(322, 407)",15.7,5.945538415847796,0.8538532977268674,0.33035714285714285,0.5,2.7701452746617266,20016.0,1356326988.357143,397.0,1.6899999999999995,-5.0,3,169,0,2,35,0,0,11,0,0,0.0,0.0,0.0,9.0,9.724788485850433e-05,0.0,9.724788485850433e-05,3938.2028238730495,6200.397945198974,290.99064513409286,55.07696634912114,3.089272251210549,0.0016686152386040218,2.4562542508714482e-05
"(859, 679)",8.5,4.990936468819158,3.298030473238976,0.16666666666666666,0.0,1.783027182207383,5611.0,1344483308.9285715,58.0,-0.08999999999999986,-40.0,0,-1,0,-1,0,-1,-1,0,-1,-1,15.0,1.0,7.0,106.0,0.0,0.0,0.0,3292.7981967025153,4747.9839541905985,94.49805475744554,128.7164878951231,2.1497525072302843,0.002418599896245591,4.467551279707031e-05
"(600, 658)",12.4,6.418906273434324,0.6111618363166811,0.3741477272727273,1.3,1.4248290235221008,10002.0,1337684156.8181818,118.0,-0.8500000000000014,-43.0,0,-1,12265,-1,0,-1,-1,0,-1,-1,0.0,0.0,0.0,10.0,0.0,0.0,0.0,2963.6463548475153,2400.5793379527804,23.31710745354149,13.681648292512126,4.820463703798753,0.0008168615122823328,2.2350023792330005e-05
"(526, 642)",4.2,2.9458755173797675,0.9082216742871576,0.0625,0.35,1.6138344423703417,1348.0,1355839861.25,26.0,0.0,-39.0,0,-1,11506,-1,0,-1,-1,0,-1,-1,0.0,0.0,3.0,43.0,0.0,0.0,0.0,6807.150795695738,3037.981076782028,86.8846217693327,132.5320715902381,2.5308103937478217,0.012161597853990468,4.561513172817982e-05
"(279, 379)",18.4,7.035219195036434,1.56462196588417,0.328125,0.35,2.292476410642493,29157.0,1330549384.09375,539.0,0.17000000000000148,-14.0,3,169,0,0,38,0,0,27,0,0,22.0,0.0,1.0,131.0,9.724788485850433e-05,9.724788485850433e-05,0.0,3384.710440435256,5437.4055548628385,173.89758234663734,64.44165077380953,6.804814695663596,0.002639063168532784,3.272002247846311e-05
"(214, 13)",7.1,4.690720380753454,4.1017667536845055,0.4,1.0,1.2920632345664949,6895.0,1344905963.6,77.0,0.16999999999999993,-18.0,0,-1,0,-1,0,-1,-1,0,-1,-1,9.0,0.0,7.0,71.0,0.0,0.0,0.0,2284.975527699035,3988.150737758755,225.88886097677533,79.78370522402575,5.481660913237389,0.0007231655627723222,3.512740126443501e-05
"(105, 289)",9.7,6.127251517780161,0.908068976405918,0.1125,0.0,2.200689511877336,915.0,1349690537.75,21.0,0.0,-9.0,0,-1,11506,-1,0,-1,-1,0,-1,-1,3.0,1.0,3.0,61.0,0.0,0.0,0.0,2538.9263267650617,2265.1751104246327,22.430688854093084,9.797958971132712,1.7624817852820145,5.4943186763924325e-05,1.7747243615585683e-05
"(29, 59)",13.1,6.70379629796529,2.679074274244839,0.07894736842105263,1.0,1.2144595192683911,17503.0,1339117434.7368422,213.0,-7.669999999999999,-417.0,4,169,11544,0,7,0,2,56,0,2,5.0,0.0,0.0,77.0,0.0,0.0,0.0,3297.742701309997,4562.683126114688,264.23354482528805,82.16075491642894,3.4140600825661283,0.00032410861207826343,2.3365591917847545e-05
"(927, 291)",31.6,7.294781396206941,0.3787873102326029,0.15867059769498792,0.0,2.413226461179065,23453.0,1332814588.6341465,384.0,-6.580000000000003,-96.0,0,-1,11506,-1,0,-1,-1,0,-1,-1,21.0,3.0,17.0,198.0,0.00029174365457551295,0.0,0.0,4082.595303931519,5498.627464259427,144.2704407252676,90.35612786641391,5.3441740132414655,0.0010665888038148537,2.1732211133358885e-05
"(728, 172)",5.9,4.333299131281188,1.4645938648920762,0.04166666666666666,0.0,0.8284337031799318,7339.0,1325240517.0,97.0,0.040000000000000036,-75.0,0,-1,0,-1,0,-1,-1,0,-1,-1,0.0,0.0,0.0,12.0,0.0,0.0,0.0,3940.5569681207207,3499.1494971259185,63.268949730495756,57.92201653948178,6.951540004645093,0.00194083963663488,2.7726716995748945e-05
"(691, 404)",83.7,8.717355112668121,0.07804013350967014,0.16343167701863354,6.05,2.4233552304045625,507119.0,1332845747.2236025,5911.0,29.73999999999998,-274.0,3,169,0,0,86,0,2,122,0,2,34.0,4.0,95.0,1045.0,0.0016532140425945733,0.00019449576971700865,0.0012642225031605564,5636.315499549183,4847.909164632572,153.52597918964247,77.13269411417026,6.065221140225126,0.021134891720496155,4.794364249334381e-05
"(654, 293)",29.9,7.680282303993351,0.5088405600661683,0.20824094604582408,5.4,3.0410943864995788,17700.0,1339773408.6585367,295.0,-6.360000000000002,-145.0,2,169,0,0,2,0,0,3,0,0,1.0,0.0,3.0,91.0,0.00019449576971700865,0.0,0.0,7278.037082846121,6221.39625687096,136.96544048378226,62.830737001590656,4.6543069336179945,0.0027420612297653713,2.7835091107803973e-05
"(324, 440)",8.1,5.408937813468323,0.6523554011071158,0.24305555555555555,0.0,0.8745285520316809,11303.0,1344698843.5555556,401.0,0.14999999999999947,-12.0,0,-1,0,-1,0,-1,-1,0,-1,-1,5.0,1.0,5.0,55.0,0.0,0.0,0.0,4637.937609401093,3678.0822190019207,174.60284174019046,46.76766878678047,4.254485413957988,0.00020834766053552605,2.5570734774739565e-05
"(1246, 158)",16.5,6.297941078965508,0.4830850745049648,0.10096153846153846,3.9,2.647289997188676,6282.0,1339689825.5384614,89.0,-5.659999999999998,-57.0,0,-1,0,-1,0,-1,-1,0,-1,-1,0.0,0.0,1.0,16.0,0.0,0.0,0.0,5110.78839687705,6091.711389425194,111.55487347452987,60.09618141286651,7.012452545272279,0.0013596040181422017,2.0701978329382198e-05
"(99, 488)",5.1,2.6390573296152584,0.4498237910694276,0.05,0.35,1.4692958364069897,4376.0,1350661426.4,41.0,-0.3700000000000001,-4.0,0,-1,0,-1,0,-1,-1,0,-1,-1,0.0,0.0,0.0,6.0,0.0,0.0,9.724788485850433e-05,5231.2972294361825,2152.326776302161,25.5,41.5,3.2500725928679373,0.001011600798606353,1.6650363870805443e-05
"(798, 675)",3.1,2.484906649788,2.609238317957649,0.0,0.0,0.15739566292576407,2673.0,1335942478.0,84.0,0.0,-3.0,0,169,0,3,4,-1,-1,0,-1,-1,59.0,0.0,12.0,180.0,0.0,0.0,0.0,2125.8796922098604,4015.5269585727588,62.33742283503775,108.86929534716272,9.177376569918351,0.0015202006531385168,2.793897436646349e-05
"(698, 410)",37.7,8.49728116948744,0.04974504082898553,0.2830435693338919,6.449999999999998,1.1953870660503212,323495.0,1334395691.5483868,3251.0,0.4199999999999991,-1.0,1,169,11506,2,3,0,0,1,0,0,23.0,4.0,93.0,708.0,0.00048623942429252165,0.00048623942429252165,0.0012642225031605561,5716.666664628348,4752.292210460337,159.8368600183351,75.74466996317487,6.3297666902581895,0.01589461244177576,3.7082277080247826e-05
"(697, 301)",36.5,7.565211834268387,0.3804310072194475,0.3197902097902098,1.2,2.190969458376552,66040.0,1330763347.62,330.0,-7.18,-85.0,1,169,11506,0,4,-1,-1,0,-1,-1,23.0,0.0,3.0,182.0,0.0,0.0,0.0,2568.397254689509,4429.713435429741,136.32130907337722,41.291316503104575,6.798553201655732,0.0019920554685633946,2.730860991138736e-05
"(866, 86)",29.0,6.891220647133332,1.1341418396981622,0.3181818181818182,1.85,2.3706812511104016,34744.0,1332651917.1875,505.0,7.630000000000001,-45.0,1,-1,11506,-1,0,-1,-1,0,-1,-1,143.0,1.0,43.0,427.0,0.0,0.0,9.724788485850433e-05,1107.8198532451972,3100.549461279853,71.66815831767413,65.12518896429478,4.285708440104686,0.0017760871389447155,3.1147337445677614e-05
"(723, 303)",29.9,7.8635319345937456,0.2641440304981492,0.22459893048128346,2.05,2.5158911881642023,54028.0,1339541895.9318182,726.0,6.3500000000000005,-353.0,0,169,0,0,1,-1,-1,0,-1,-1,15.0,1.0,1.0,205.0,0.00029174365457551295,0.0,0.0,5065.128693759156,5046.822439312591,140.4391125042723,83.63266241261378,5.780705071932638,0.006039170973398662,2.1708345546937848e-05
"(283, 446)",36.90000000000001,7.528661688865357,0.0213984791486972,0.1669871794871795,4.0,2.295375357585955,112343.0,1356923925.0615385,1570.0,-6.010000000000002,-738.0,3,169,0,0,37,0,3,127,0,3,19.0,0.0,5.0,216.0,0.0,0.0,9.724788485850433e-05,5174.269842887219,5422.6686913354715,237.0644579643201,78.5428203341259,4.511765430756945,0.0017378783453219676,2.6923697466761324e-05
"(443, 748)",60.9,5.809293276575772,0.4171826488810739,0.13651059085841696,0.35,1.255462705724805,152043.0,1328622504.1594205,1674.0,2.8200000000000016,-13.0,4,169,11506,0,60,0,0,34,0,0,17.0,0.0,2.0,232.0,0.0,9.724788485850433e-05,9.724788485850433e-05,6448.31037117834,6762.470696948885,133.7535001043716,171.9309867260621,4.623060831757095,0.006781140583009355,4.62153015417605e-05
"(253, 304)",13.6,6.121550630611327,0.3433946685479367,0.17857142857142855,0.0,2.13505952256757,10962.0,1346920559.9047618,248.0,-6.4300000000000015,-7.0,7,169,0,2,11,0,0,6,0,0,23.0,1.0,6.0,170.0,0.0,0.0,0.00019449576971700865,2268.0449146806914,4382.279617566549,157.03548473484932,44.090504918484896,5.7450226017433845,0.0012818157320229448,3.2593063378913105e-05
"(808, 677)",16.0,6.00937171047422,2.7378759252901967,0.02631578947368421,4.8500000000000005,2.014408181511708,6990.0,1344066876.1578946,149.0,-0.9399999999999994,-88.0,0,-1,11506,-1,0,-1,-1,0,-1,-1,5.0,0.0,16.0,96.0,0.0,0.0,9.724788485850433e-05,1323.8274390706854,2360.927235632249,56.10048484638971,70.92836104126474,8.749333003615037,0.0008262119551672564,2.8858100967464228e-05
"(712, 516)",5.5,4.250070798911139,0.2963014698593838,0.3,0.35,1.4532191791161286,2995.0,1338475570.4,61.0,6.19,-5.0,0,-1,0,-1,0,-1,-1,0,-1,-1,0.0,0.0,0.0,25.0,0.00019449576971700865,0.0,0.0,3250.2333975341994,4098.39971198707,6.298147875897063,170.5360828550825,6.225849603509551,0.0009907465047322333,2.494438317692253e-05
"(708, 311)",32.5,8.438269983240888,0.42866549987588737,0.3445348837209302,3.55,2.475423808531628,78856.0,1338025504.0930233,1378.0,7.3599999999999985,-86.0,2,169,11506,0,7,0,0,21,0,0,46.0,0.0,4.0,314.0,0.0003889915394340174,0.0,0.0,5027.948059527929,5411.728834255586,176.48880565182637,63.64450214324268,6.496617139263537,0.005988487721353631,2.920356781433857e-05
"(40, 367)",8.0,5.1518201196832445,0.3858852387839388,0.12142857142857146,1.35,1.8727432322256423,336.0,1357871540.8,11.0,0.0,-28.0,0,-1,0,-1,0,-1,-1,0,-1,-1,4.0,0.0,5.0,43.0,0.0,0.0,9.724788485850433e-05,1674.370794685094,2594.3280613316783,73.31227492836662,18.092640452006023,7.840771370210877,0.0013539755563023947,3.173184530401446e-05
"(60, 381)",12.9,6.821177829534652,0.5844187929567719,0.16666666666666666,2.0,1.827762427814172,8346.0,1346288994.3,126.0,7.1099999999999985,-3.0,7,169,0,3,5,-1,-1,0,-1,-1,16.0,1.0,1.0,66.0,0.0,0.0,9.724788485850433e-05,1288.0239611513546,2524.433095700445,227.61582731380958,54.68742857138192,3.6228265094276746,0.0001984291397677324,2.4574392741776528e-05
"(1205, 271)",28.5,7.5487793972561255,0.1760282831879444,0.21683673469387754,2.9,2.034817478753629,126117.0,1336751941.0408163,1205.0,-0.4499999999999993,-68.0,4,169,11506,1,5,0,1,15,0,1,41.0,2.0,3.0,173.0,0.00019449576971700865,0.0,9.724788485850433e-05,5615.242469719024,5297.620970645689,220.8380531163224,57.330054925691606,5.076824317228787,0.002476638322443941,2.574535089141467e-05
"(436, 311)",21.9,6.860529762798683,0.03350560623638876,0.04444444444444444,5.65,1.9221469335969223,94265.0,1338965180.6,735.0,0.0500000000000007,-141.0,0,169,0,0,1,-1,-1,0,-1,-1,6.0,0.0,8.0,114.0,0.000583487309151026,0.0,9.724788485850433e-05,5854.333990197092,5918.913000121167,156.68090606876962,53.297449875817755,6.068204120801171,0.004971203389772283,2.4189902832252028e-05
"(908, 275)",50.3,8.980871985855778,0.5404329241047116,0.15903361344537814,3.1,2.9436345557391803,44945.0,1336718600.4142857,807.0,7.479999999999999,-30.0,2,169,11506,0,24,0,0,20,0,0,2.0,0.0,1.0,97.0,0.0005834873091510259,0.0,0.00029174365457551295,6308.326688183063,5148.757576857154,105.73814617041263,80.40665836780273,5.3959783567968405,0.0015893914780105449,2.410459422331315e-05
"(505, 211)",28.2,7.843443104605978,0.12912888968386635,0.3872947553004942,1.35,2.8191555496526903,24476.0,1344031014.2926831,379.0,-6.979999999999998,-22.0,3,169,0,3,4,0,0,1,0,0,26.0,1.0,4.0,143.0,0.0,0.0,0.0,3660.640068314017,4590.357115719508,98.1892741914596,71.25498421960003,6.657540627918983,0.0018914375348373996,2.865742949282295e-05
"(1115, 178)",42.4,7.435702911492724,0.17644353075471803,0.17736486486486486,2.9,2.2784393829275498,93123.0,1330386336.6891892,1106.0,-0.6800000000000032,-141.0,1,169,11506,0,1,-1,-1,0,-1,-1,3.0,0.0,3.0,108.0,9.724788485850433e-05,0.0,0.0,4716.495572278947,5482.987318958208,221.14443371225656,93.75234856579594,5.8509077136950065,0.0018812298748502852,2.3285941621872165e-05
"(1277, 484)",36.8,6.784564960360802,0.03471080102120342,0.07692307692307693,2.85,2.2675944060165723,117471.0,1332170112.5538461,1179.0,19.770000000000007,-117.0,1,169,0,0,2,-1,-1,0,-1,-1,5.0,0.0,9.0,217.0,0.0,0.0,9.724788485850433e-05,5740.000506994099,4887.751180972265,280.0538806268724,83.3996467453822,5.8485050051679774,0.0015499749230557045,2.5480916829250096e-05
"(719, 341)",21.6,7.246910486656864,0.1629119682903438,0.26875,1.9,1.9390810077767373,100160.0,1337296797.5,1396.0,-4.920000000000006,-10.0,2,-1,0,-1,0,-1,-1,0,-1,-1,1.0,0.0,20.0,146.0,0.00029174365457551295,9.724788485850433e-05,9.724788485850433e-05,5205.458406164841,3691.5271948529694,131.93021724465635,59.382083343566045,5.8198303240126075,0.0176620502643867,3.6728012235989706e-05
"(683, 402)",95.5,7.07020365132691,0.2132611042115745,0.24506005424254165,1.35,1.6111879978278718,733408.0,1329612354.4157302,6186.0,-1.8899999999999968,-20.0,2,169,11506,0,65,0,0,15,0,0,40.0,2.0,15.0,1124.0,0.00019449576971700865,0.0,0.0005834873091510259,5449.305593148521,5158.197821514149,162.9480891029409,75.43536970097209,5.769788151087403,0.019259500125319632,4.505784353709553e-05
"(158, 198)",26.9,8.011458030427358,0.1044548830574812,0.21234335839598995,3.6,2.520748092486412,38470.0,1336371273.5,712.0,5.350000000000001,-292.0,1,169,11506,1,10,0,0,4,0,0,22.0,0.0,6.0,136.0,0.0,0.0,9.724788485850433e-05,4911.455155188543,4929.930785246952,273.63527812052797,94.31358581421769,6.271966357744257,0.0013279902066129412,2.384531086649924e-05
"(32, 60)",10.7,5.936791741167153,2.6397149838764014,0.09375,0.0,1.048566888431406,17072.0,1336340333.875,203.0,-7.669999999999999,-38.0,0,-1,0,-1,0,-1,-1,0,-1,-1,5.0,0.0,0.0,68.0,0.0,0.0,0.0,2821.5708580277746,4682.600091075618,247.259754296316,77.23053938059577,3.652393923156669,0.0003297663293433727,2.338734369980659e-05
"(728, 362)",45.8,9.030920518136003,0.4168517514724259,0.28284950343773874,4.95,2.990773460905925,128061.0,1328987570.1038961,2257.0,-0.5000000000000019,-1.0,4,169,11506,1,19,0,0,1,0,0,33.0,3.0,31.0,457.0,0.0006807351940095304,0.00019449576971700865,0.0012642225031605564,4975.839925048466,4244.678745490187,135.4592044235188,58.32041260759815,5.650812580276478,0.01759675761563171,4.280882345103906e-05
"(994, 377)",10.4,5.895210080449218,0.097074479053349,0.06696428571428571,1.85,1.8393644346151787,2433.0,1345648596.642857,55.0,0.029999999999999364,-128.0,0,-1,0,-1,0,-1,-1,0,-1,-1,0.0,0.0,1.0,16.0,0.0,0.0,0.0,7151.0859520314925,6527.264799335604,239.8144254995641,76.34285431498274,6.230903663367005,0.00048457730637934256,2.0198969462695586e-05
"(400, 200)",14.2,6.333657879751363,0.9123963461744756,0.15235042735042734,2.7,2.2020880882995217,2760.0,1337408280.3076925,45.0,6.490000000000001,-13.0,2,169,188,1,2,-1,-1,0,-1,-1,3.0,0.0,0.0,9.0,0.0,0.0,0.0,11402.333123028971,2128.305569961623,141.6623528754984,71.91816336797139,2.5830828454403543,0.002527602434822597,1.7185649659624032e-05
"(52, 413)",2.1,1.3862943611198906,0.9434863124704832,0.0,0.35,1.0317671113505356,348.0,1360854886.5,5.0,0.0,-1.0,0,-1,0,-1,0,-1,-1,0,-1,-1,0.0,0.0,10.0,13.0,0.0,0.0,0.0,0.0,0.0,0.0,0.0,6.851524162173767,0.0006490798707032916,3.080811672100725e-05
"(596, 381)",42.2,8.758995114425549,0.05882091745383512,0.2351244687310261,8.1,2.287584539059218,197340.0,1343435820.0491805,1758.0,-1.0600000000000052,-8.0,3,169,0,3,50,0,3,181,0,3,15.0,1.0,2.0,211.0,9.724788485850433e-05,0.0,0.00019449576971700865,6244.210412919996,5701.863715994416,172.92136705356418,67.1382261151998,6.327487870956987,0.004167861377171354,2.5134858656065413e-05
"(1199, 269)",27.200000000000006,6.468326730906488,0.17167467876131762,0.3031914893617021,2.25,2.874265234919792,29531.0,1340729646.4042554,577.0,5.0500000000000025,-74.0,2,169,0,0,12,0,3,7,0,3,23.0,1.0,3.0,125.0,0.00019449576971700865,0.0,0.0,5561.183607662362,5048.826596417252,239.43829972458454,57.771878972385856,5.0209314369172535,0.0023967665073276125,2.678575617485704e-05
"(199, 464)",12.2,5.076815781982428,0.5209588705768502,0.17320261437908496,0.85,1.1545492114118912,12238.0,1341815812.3529413,263.0,-7.449999999999998,-225.0,7,169,11506,1,5,-1,-1,0,-1,-1,1.0,0.0,13.0,63.0,9.724788485850433e-05,0.0,9.724788485850433e-05,6384.009253280667,5735.993173047742,160.83773104819934,90.20272626863266,5.5895877153397455,0.0008074860055687921,3.0096142144710493e-05
"(184, 433)",3.7,2.1073226446169238,1.256755664536602,0.0,0.0,-0.0,36.0,1367854151.0,2.0,0.0,-2.0,0,-1,0,-1,0,-1,-1,0,-1,-1,1.0,0.0,2.0,44.0,0.0,0.0,9.724788485850433e-05,8616.61929561119,2956.996740552528,324.2613859219133,71.25653934903099,6.078957137643676,0.0011047558493185842,2.795937852901184e-05
